[-31065, -31102,  3,  3]
[-31036, -31096,  3,  3]
[-31057,  41827,  3, -4]
[-20631,  41822,  2, -4]
[-41478, -31096,  4,  3]
[ 21061,  52246, -2, -5]
[-31060, -20681,  3,  2]
[-41455, -31096,  4,  3]
[-10229, -31100,  1,  3]
[-20594, -51939,  2,  5]
[ 10655,  20991, -1, -2]
[-51856, -51941,  5,  5]
[-20631, -51936,  2,  5]
[-10181, -31096,  1,  3]
[ 21018,  52239, -2, -5]
[ 10623,  20991, -1, -2]
[ 21017,  31410, -2, -3]
[-20594,  10568,  2, -1]
[ 10656, -51937, -1,  5]
[ 21052,  10576, -2, -1]
[ 31484,  10570, -3, -1]
[-20627,  41825,  2, -4]
[ 21029,  52247, -2, -5]
[-41459,  31411,  4, -3]
[ 41866, -20685, -4,  2]
[ 41869, -10265, -4,  1]
[ 52320,  20991, -5, -2]
[-31061, -41516,  3,  4]
[ 31495, -10269, -3,  1]
[ 41869, -10267, -4,  1]
[ 52305, -41518, -5,  4]
[-20622,  20994,  2, -2]
[ 10623, -41519, -1,  4]
[ 21073, -41515, -2,  4]
[-51872, -51941,  5,  5]
[ 52284, -20679, -5,  2]
[-51906,  20985,  5, -2]
[ 21038, -31098, -2,  3]
[ 52321, -10264, -5,  1]
[ 10623,  10576, -1, -1]
[-20611,  10569,  2, -1]
[ 41912, -10265, -4,  1]
[ 41866, -41517, -4,  4]
[-10221, -51933,  1,  5]
[-41472, -41517,  4,  4]
[ 21078, -41520, -2,  4]
[ 41863, -20684, -4,  2]
[-20639, -51937,  2,  5]
[ 21037, -51933, -2,  5]
[ 31464, -10260, -3,  1]
[ 41874,  41830, -4, -4]
[-41486, -20678,  4,  2]
[ 31479, -31098, -3,  3]
[-10236,  52245,  1, -5]
[ 31456,  52246, -3, -5]
[-51873,  20985,  5, -2]
[-51896, -10268,  5,  1]
[ 41890,  41821, -4, -4]
[-10201,  41824,  1, -4]
[ 52327,  10576, -5, -1]
[ 52279, -10262, -5,  1]
[-10193,  20992,  1, -2]
[ 31495,  41825, -3, -4]
[ 10651, -10267, -1,  1]
[-20639,  10574,  2, -1]
[-41472, -31100,  4,  3]
[ 31443,  31409, -3, -3]
[-20618, -31104,  2,  3]
[ 41874, -31104, -4,  3]
[ 31472,  31405, -3, -3]
[-20644, -10263,  2,  1]
[ 41862, -31103, -4,  3]
[-41463, -20680,  4,  2]
[-51856,  52247,  5, -5]
[-10217,  41829,  1, -4]
[ 52308, -10260, -5,  1]
[-51885, -41514,  5,  4]
[ 41874, -31104, -4,  3]
[-41435,  10574,  4, -1]
[ 52271, -10261, -5,  1]
[ 10623, -41515, -1,  4]
[ 31488,  31412, -3, -3]
[-10235, -20682,  1,  2]
[ 52279,  10574, -5, -1]
[ 52298, -20683, -5,  2]
[-20599, -31102,  2,  3]
[ 10615, -31096, -1,  3]
[ 52330,  31403, -5, -3]
[-51899, -31102,  5,  3]
[ 31476, -31096, -3,  3]
[ 10612,  31406, -1, -3]
[ 52295, -10269, -5,  1]
[ 31443, -31101, -3,  3]
[-41490,  41830,  4, -4]
[ 21041,  52245, -2, -5]
[ 21033,  31403, -2, -3]
[-51891, -41520,  5,  4]
[ 41906, -41522, -4,  4]
[ 21061,  31405, -2, -3]
[ 52315,  52243, -5, -5]
[-41447,  31406,  4, -3]
[ 31487,  41828, -3, -4]
[ 52327, -31105, -5,  3]
[-31041, -31098,  3,  3]
[-10210, -41518,  1,  4]
[-51861,  20986,  5, -2]
[ 31478, -51932, -3,  5]
[-41448,  31412,  4, -3]
[-41490,  52245,  4, -5]
[ 41897,  10572, -4, -1]
[ 31454,  41826, -3, -4]
[ 10659,  52239, -1, -5]
[ 21061, -20686, -2,  2]
[ 52282,  20991, -5, -2]
[-20599, -41522,  2,  4]
[ 21050, -51941, -2,  5]
[ 21045,  31409, -2, -3]
[ 41857, -20684, -4,  2]
[-41475, -51936,  4,  5]
[ 10620, -20679, -1,  2]
[ 52281, -51937, -5,  5]
[-31024, -51938,  3,  5]
[-20599,  52247,  2, -5]
[ 31445, -31101, -3,  3]
[-41467, -31103,  4,  3]
[ 31446, -41517, -3,  4]
[ 52296, -10265, -5,  1]
[ 10620,  20992, -1, -2]
[-20639,  41829,  2, -4]
[ 21037, -31098, -2,  3]
[-51898,  31408,  5, -3]
[-20611, -51941,  2,  5]
[ 41858,  10567, -4, -1]
[ 41888,  31407, -4, -3]
[ 10624,  20985, -1, -2]
[-51909,  20992,  5, -2]
[ 52304, -31105, -5,  3]
[-41459, -41516,  4,  4]
[-31036, -41522,  3,  4]
[ 41901,  52247, -4, -5]
[-10181, -41521,  1,  4]
[-31072, -10260,  3,  1]
[ 52331,  52243, -5, -5]
[ 31491, -20686, -3,  2]
[-31057,  52247,  3, -5]
[-51881, -10263,  5,  1]
[ 41877,  20994, -4, -2]
[-20621, -10264,  2,  1]
[-41458,  31403,  4, -3]
[ 10631, -51933, -1,  5]
[ 10607, -20683, -1,  2]
[-51856, -10269,  5,  1]
[ 41909,  20993, -4, -2]
[ 31478, -41514, -3,  4]
[ 41877, -41515, -4,  4]
[-41433, -10265,  4,  1]
[ 10623,  52239, -1, -5]
[-20611,  20993,  2, -2]
[ 41897, -41523, -4,  4]
[ 10634,  31407, -1, -3]
[ 10650, -20682, -1,  2]
[-41475,  20985,  4, -2]
[-31036, -51940,  3,  5]
[-41451, -41516,  4,  4]
[ 52295,  10574, -5, -1]
[-20606,  41827,  2, -4]
[ 10633, -10269, -1,  1]
[ 10644, -41523, -1,  4]
[ 52331,  31407, -5, -3]
[ 10615,  10568, -1, -1]
[ 31460,  41821, -3, -4]
[ 52315,  52245, -5, -5]
[ 10599, -20678, -1,  2]
[-41475,  31408,  4, -3]
[ 10599, -41516, -1,  4]
[ 21021, -31102, -2,  3]
[-41455,  41821,  4, -4]
[ 21066,  41823, -2, -4]
[ 31485,  41825, -3, -4]
[-31052,  20993,  3, -2]
[-10188,  52246,  1, -5]
[-20639, -10262,  2,  1]
[-10180, -10265,  1,  1]
[-10202,  20985,  1, -2]
[ 21066,  41823, -2, -4]
[ 31463, -31099, -3,  3]
[-51896,  20986,  5, -2]
[-20598, -31105,  2,  3]
[ 31491, -20685, -3,  2]
[ 41877, -51938, -4,  5]
[ 21018,  52239, -2, -5]
[-10216, -31099,  1,  3]
[-10193, -10264,  1,  1]
[-31060, -31098,  3,  3]
[ 52292,  10567, -5, -1]
[ 10647, -20687, -1,  2]
[ 52295,  41822, -5, -4]
[-31068, -10268,  3,  1]
[ 52304,  52248, -5, -5]
[-10220,  10568,  1, -1]
[ 41897,  41824, -4, -4]
[-51885, -51938,  5,  5]
[ 10651, -20681, -1,  2]
[ 31436, -31105, -3,  3]
[ 31487,  31409, -3, -3]
[-51888,  41830,  5, -4]
[-20647,  31412,  2, -3]
[-31072,  20991,  3, -2]
[ 52319, -51941, -5,  5]
[-20607,  41821,  2, -4]
[ 21020,  52248, -2, -5]
[-20599,  41825,  2, -4]
[-51853,  31408,  5, -3]
[-20646,  52240,  2, -5]
[-10189,  41829,  1, -4]
[ 10604,  31412, -1, -3]
[-41488,  10571,  4, -1]
[ 41914, -31103, -4,  3]
[ 52291, -41516, -5,  4]
[ 31462,  31407, -3, -3]
[-41470, -31103,  4,  3]
[ 21059, -10260, -2,  1]
[-31060,  10575,  3, -1]
[-41472,  20990,  4, -2]
[ 41903, -41518, -4,  4]
[-51880, -10268,  5,  1]
[ 10623,  41822, -1, -4]
[-41435,  31408,  4, -3]
[ 21070, -31104, -2,  3]
[-31069, -20678,  3,  2]
[ 21043,  10567, -2, -1]
[ 21035, -20683, -2,  2]
[-51877,  41829,  5, -4]
[ 10648, -10266, -1,  1]
[ 31479,  52240, -3, -5]
[ 21049,  52246, -2, -5]
[-31041,  52248,  3, -5]
[ 52306,  20994, -5, -2]
[ 52307,  10570, -5, -1]
[ 31443, -51940, -3,  5]
[ 41874,  10572, -4, -1]
[ 41902, -10262, -4,  1]
[ 41858,  31403, -4, -3]
[ 31456, -31104, -3,  3]
[ 41893,  20993, -4, -2]
[ 52274, -20678, -5,  2]
[-41435, -51939,  4,  5]
[-51909,  41830,  5, -4]
[-10227, -20683,  1,  2]
[-31049,  20990,  3, -2]
[ 21034, -10267, -2,  1]
[ 31437,  31403, -3, -3]
[-31065, -10262,  3,  1]
[-10217, -20679,  1,  2]
[ 21075, -41523, -2,  4]
[ 52279, -10266, -5,  1]
[-51861,  20994,  5, -2]
[ 31479,  52239, -3, -5]
[ 10633, -41514, -1,  4]
[-51876,  52245,  5, -5]
[-20647,  31403,  2, -3]
[-51896, -51935,  5,  5]
[-31060,  20989,  3, -2]
[-41483,  52239,  4, -5]
[-31029,  41826,  3, -4]
[-41462,  10569,  4, -1]
[-20607, -10268,  2,  1]
[ 21027,  20988, -2, -2]
[-41438,  10567,  4, -1]
[ 21025,  31409, -2, -3]
[-41483, -20682,  4,  2]
[ 21057, -41515, -2,  4]
[ 52292,  20985, -5, -2]
[ 31460,  10571, -3, -1]
[-10200, -51941,  1,  5]
[-41486,  10568,  4, -1]
[-51851,  10567,  5, -1]
[ 21026,  31404, -2, -3]
[-20634,  20988,  2, -2]
[ 10628,  10575, -1, -1]
[-20612, -31105,  2,  3]
[-31070,  20989,  3, -2]
[ 52324,  10568, -5, -1]
[ 31437, -20687, -3,  2]
[ 52313,  52248, -5, -5]
[-20629,  20985,  2, -2]
[-20604, -20683,  2,  2]
[ 21022, -51939, -2,  5]
[ 10655, -31096, -1,  3]
[-20655, -20687,  2,  2]
[ 52327, -41518, -5,  4]
[ 21018,  41830, -2, -4]
[ 10641,  41830, -1, -4]
[-10224,  52241,  1, -5]
[-31029,  10569,  3, -1]
[ 21028,  52244, -2, -5]
[ 10602,  52243, -1, -5]
[-20642,  10572,  2, -1]
[ 52295, -20683, -5,  2]
[ 31437, -41514, -3,  4]
[ 21044, -51941, -2,  5]
[-31041, -31105,  3,  3]
[ 31435,  41829, -3, -4]
[-51880,  31406,  5, -3]
[-41439, -31103,  4,  3]
[-51888, -41521,  5,  4]
[ 52306, -20678, -5,  2]
[-41479,  20993,  4, -2]
[ 10612,  20993, -1, -2]
[ 31448, -10269, -3,  1]
[-31064,  10569,  3, -1]
[-10221, -31102,  1,  3]
[-41439, -20684,  4,  2]
[ 52287,  52245, -5, -5]
[ 41877,  10569, -4, -1]
[-10193, -10265,  1,  1]
[-20621, -51932,  2,  5]
[-10216, -20683,  1,  2]
[ 41878, -20687, -4,  2]
[ 52299,  52239, -5, -5]
[-41475, -10268,  4,  1]
[-41483, -10261,  4,  1]
[ 41897,  10570, -4, -1]
[-10201, -31096,  1,  3]
[-31052, -10265,  3,  1]
[-10232,  52248,  1, -5]
[ 21065,  41829, -2, -4]
[ 31471,  31412, -3, -3]
[-51889,  31410,  5, -3]
[-31021, -31103,  3,  3]
[-41483,  20993,  4, -2]
[-20651,  10576,  2, -1]
[ 10643, -10265, -1,  1]
[-41486,  20987,  4, -2]
[ 31435,  20985, -3, -2]
[-31054, -41517,  3,  4]
[-51907,  20994,  5, -2]
[-51883,  52243,  5, -5]
[ 31478, -20687, -3,  2]
[ 10616, -10267, -1,  1]
[ 31467, -51941, -3,  5]
[ 31475,  52247, -3, -5]
[-20642, -51936,  2,  5]
[-41462,  31404,  4, -3]
[ 41902, -41516, -4,  4]
[ 31435,  41821, -3, -4]
[-10229,  31405,  1, -3]
[-41475, -10263,  4,  1]
[-41475,  41826,  4, -4]
[-41487,  10567,  4, -1]
[ 31448, -51937, -3,  5]
[-20622,  20991,  2, -2]
[ 10632, -51932, -1,  5]
[-51885,  20990,  5, -2]
[-31057, -20684,  3,  2]
[-20655, -20679,  2,  2]
